   1    -4.774636     7.402739   570.4519686100       1
  101    -0.596894     6.668023    65.3387762300       1
  201     1.317855     5.546029    15.5209800750       1
  301     1.723209     5.028043     9.4681218415       1
  401     1.660428     4.636570     7.8943568991       1
  501     1.589616     4.273831     6.5283127407       1
  601     1.523836     3.937478     5.3535638390       1
  701     1.463536     3.627308     4.3549817791       1
  801     1.408734     3.342872     3.5157242254       1
  901     1.359319     3.083431     2.8180123818       1
  1001     1.315070     2.847988     2.2439103010       1
  1101     1.275688     2.635338     1.7760188979       1
  1201     1.240819     2.444114     1.3980260500       1
  1301     1.210078     2.272842     1.0950865109       1
  1401     1.183070     2.119994     0.8540344358       1
  1501     1.159408     1.984026     0.6634516338       1
  1601     1.138722     1.863421     0.5136248897       1
  1701     1.120668     1.756716     0.3964275030       1
  1801     1.104931     1.662519     0.3051564652       1
  1901     1.091226     1.579527     0.2343502764       1
  2001     1.079300     1.506532     0.1796054086       1
  2101     1.068927     1.442428     0.1374031129       1
  2201     1.059907     1.386204     0.1049532071       1
  2301     1.052067     1.336949     0.0800577810       1
  2401     1.045252     1.293842     0.0609952532       1
  2501     1.039329     1.256148     0.0464236864       1
  2601     1.034182     1.223212     0.0353014331       1
  2701     1.029709     1.194452     0.0268228433       1
  2801     1.025822     1.169353     0.0203667253       1
  2901     1.022444     1.147461     0.0154553906       1
  3001     1.019508     1.128372     0.0117223493       1
  3101     1.016957     1.111736     0.0088869840       1
  3201     1.014740     1.097241     0.0067347983       1
  3301     1.012813     1.084615     0.0051020809       1
  3401     1.011138     1.073620     0.0038640422       1
  3501     1.009682     1.064048     0.0029256669       1
  3601     1.008417     1.055715     0.0022146797       1
  3701     1.007317     1.048463     0.0016761492       1
  3801     1.006361     1.042152     0.0012683559       1
  3901     1.005529     1.036661     0.0009596344       1
  4001     1.004807     1.031883     0.0007259640       1
  4101     1.004179     1.027727     0.0005491313       1
  4201     1.003633     1.024112     0.0004153320       1
  4301     1.003158     1.020968     0.0003141074       1
  4401     1.002746     1.018233     0.0002375359       1
  4501     1.002387     1.015854     0.0001796192       1
  4601     1.002075     1.013785     0.0001358165       1
  4701     1.001804     1.011987     0.0001026907       1
  4801     1.001569     1.010422     0.0000776412       1
  4901     1.001364     1.009062     0.0000586999       1
  5001     1.001186     1.007879     0.0000443781       1
  5101     1.001031     1.006851     0.0000335496       1
  5201     1.000896     1.005956     0.0000253628       1
  5301     1.000779     1.005179     0.0000191733       1
  5401     1.000677     1.004503     0.0000144940       1
  5501     1.000589     1.003915     0.0000109566       1
    5513     1.000579     1.003849     0.0000105948       1
  5514     1.000578     1.003844     0.0000105652       1
  5515     1.000577     1.003839     0.0000105357       1
  5516     1.000577     1.003833     0.0000105062       1
  5517     1.000576     1.003828     0.0000104769       1
  5518     1.000575     1.003823     0.0000104476       1
  5519     1.000574     1.003817     0.0000104184       1
  5520     1.000573     1.003812     0.0000103893       1
  5521     1.000573     1.003807     0.0000103603       1
  5522     1.000572     1.003801     0.0000103313       1
  5523     1.000571     1.003796     0.0000103025       1
  5524     1.000570     1.003791     0.0000102737       1
  5525     1.000569     1.003785     0.0000102450       1
  5526     1.000569     1.003780     0.0000102163       1
  5527     1.000568     1.003775     0.0000101878       1
  5528     1.000567     1.003770     0.0000101593       1
  5529     1.000566     1.003764     0.0000101309       1
  5530     1.000565     1.003759     0.0000101026       1
  5531     1.000565     1.003754     0.0000100744       1
  5532     1.000564     1.003749     0.0000100462       1
  5533     1.000563     1.003743     0.0000100182       1
  5534     1.000562     1.003738     0.0000099902       1

